

test <- c(410, 411, 424, 433, 436, 446, 450, 455, 456, 460, 462, 464, 466, 468, 468, 469, 470, 470, 472, 472, 473, 476, 476, 478, 478, 479, 479, 479, 482, 484, 485, 486, 487, 488, 488, 488, 489, 490, 493, 493, 494, 495, 499, 499, 499, 501, 501, 503, 504, 504, 504, 506, 506, 510, 510, 510, 511, 511, 511, 511, 512, 513, 514, 515, 516, 518, 518, 519, 521, 522, 523, 527, 528, 532, 532, 533, 534, 536, 537, 538, 538, 539, 539, 540, 541, 545, 547, 547, 549, 551, 554, 554, 554, 555, 556, 564, 564, 564, 565, 565, 566, 567, 572, 572, 576, 576, 579, 579, 580, 581, 582, 583, 583, 584, 584, 586, 586, 587, 589, 589, 589, 589, 591, 592, 595, 599, 600, 601, 602, 605, 605, 612, 613, 613, 615, 615, 615, 617, 619, 621, 622, 625, 627, 627, 627, 631, 631, 632, 634, 634, 636, 641, 641, 642, 642, 643, 643, 644, 645, 645, 648, 648, 649, 649, 649, 649, 650, 652, 652, 652, 653, 653, 657, 657, 659, 659, 661, 661, 662, 662, 663, 663, 663, 663, 664, 664, 666, 666, 666, 670, 674, 676, 677, 678, 678, 681, 681, 681, 684, 685, 685, 685, 686, 686, 687, 688, 688, 689, 695, 696, 696, 699, 700, 700, 701, 702, 703, 703, 704, 706, 706, 706, 707, 707, 707, 707, 709, 709, 709, 710, 710, 712, 713, 714, 714, 715, 716, 718, 722, 722, 723, 723, 726, 726, 727, 732, 736, 738, 738, 739, 740, 740, 741, 742, 742, 746, 747, 748, 748, 751, 758, 760, 760, 760, 762, 763, 764, 765, 765, 768, 770, 770, 771, 771, 772, 774, 774, 775, 776, 776, 777, 777, 779, 780, 780, 784, 785, 786, 786, 787, 787, 788, 788, 789, 789, 791, 792, 793, 794, 795, 795, 796, 797, 798, 798, 802, 804, 804, 805, 805, 806, 806, 807, 809, 809, 810, 810, 811, 811, 811, 813, 814, 815, 815, 818, 818, 819, 820, 821, 822, 825, 827, 827, 828, 829, 834, 840, 841, 842, 843, 845, 845, 850, 851, 852, 853, 855, 856, 857, 857, 857, 859, 860, 862, 862, 863, 863, 863, 867, 867, 868, 870, 870, 871, 873, 875, 877, 877, 879, 879, 880, 881, 882, 882, 883, 883, 886, 886, 889, 889, 890, 891, 893, 896, 897, 898, 898, 900, 900, 902, 902, 903, 903, 903, 905, 907, 907, 909, 909, 909, 911, 912, 914, 915, 917, 919, 920, 920, 921, 921, 921, 921, 925, 926, 926, 927, 928, 928, 929, 930, 932, 932, 934, 934, 934, 935, 935, 936, 936, 937, 938, 938, 941, 943, 943, 944, 944, 945, 946, 948, 952, 953, 953, 954, 955, 956, 957, 958, 958, 960, 961, 964, 964, 965, 967, 969, 970, 971, 973, 974, 975, 982, 986, 986, 986, 992, 994, 997, 997, 1000, 1003, 1003, 1004, 1005, 1010, 1011, 1012, 1012, 1013, 1013, 1015, 1017, 1019, 1020, 1022, 1027, 1027, 1028, 1031, 1032, 1034, 1041, 1043, 1050, 1051, 1064, 1065, 1076, 1082, 1084, 1085, 1092, 1104, 1105, 1110, 1111, 1112, 1113, 1119, 1124, 1126, 1132, 1136, 1141, 1145, 1154, 1160, 1162, 1167, 1169, 1169, 1170, 1178, 1183, 1188, 1193, 1194, 1196, 1197, 1201, 1201, 1201, 1202, 1203, 1209, 1210, 1212, 1214, 1217, 1218, 1223, 1235, 1255, 1259, 1270, 1270, 1271, 1285, 1286, 1290, 1298, 1303, 1305, 1314, 1315, 1324, 1342, 1348, 1355, 1356, 1358, 1361, 1370, 1375, 1378, 1398, 1402, 1402, 1409, 1409, 1410, 1412, 1418, 1418, 1426, 1429, 1431, 1432, 1433, 1436, 1437, 1441, 1450, 1453, 1453, 1460, 1479, 1482, 1492, 1500, 1502, 1505, 1508, 1509, 1515, 1525, 1531, 1532, 1538, 1542, 1547, 1550, 1552, 1555, 1558, 1565, 1571, 1571, 1574, 1583, 1584, 1587, 1588, 1590, 1592, 1594, 1599, 1600, 1601, 1609, 1611, 1615, 1628, 1632, 1632, 1634, 1635, 1642, 1642, 1643, 1652, 1656, 1657, 1668, 1670, 1674, 1674, 1677, 1678, 1681, 1683, 1684, 1685, 1692, 1701, 1702, 1702, 1718, 1724, 1726, 1735, 1740, 1747, 1748, 1755, 1756, 1757, 1758, 1769, 1770, 1774, 1775, 1776, 1785, 1790, 1791,
          1793, 1798, 1812, 1812, 1814, 1816, 1818, 1824, 1826, 1838, 1840, 1842, 1843, 1843, 1844, 1845, 1849, 1858, 1859, 1860, 1863, 1864, 1865, 1870, 1874, 1886, 1895, 1904, 1907, 1913, 1916, 1918, 1923, 1926, 1946, 1946, 1951, 1954, 1958, 1959, 1960, 1961, 1961, 1963, 1964, 1964, 1968, 1974, 1980, 1984, 1987, 2004, 2004, 2004, 2011, 2014, 2025, 2026, 2040, 2040, 2049, 2051, 2054, 2075, 2081, 2084, 2085, 2089, 2096, 2097, 2101, 2116, 2118, 2125, 2126, 2130, 2132, 2133, 2136, 2141, 2145, 2149, 2152, 2152, 2163, 2163, 2178, 2181, 2182, 2188, 2196, 2197, 2201, 2223, 2224, 2242, 2242, 2246, 2249, 2250, 2261, 2262, 2264, 2274, 2275, 2277, 2287, 2290, 2300, 2304, 2309, 2311, 2312, 2321, 2326, 2333, 2335, 2337, 2343, 2346, 2348, 2350, 2351, 2351, 2355, 2366, 2367, 2369, 2371, 2384, 2394, 2395, 2401, 2407, 2410, 2417, 2428, 2428, 2431, 2440, 2441, 2463, 2471, 2472, 2476, 2477, 2477, 2487, 2496, 2511, 2514, 2519, 2527, 2528, 2533, 2538, 2555, 2558, 2560, 2568, 2571, 2575, 2579, 2584, 2585, 2586, 2592, 2600, 2602, 2610, 2620, 2623, 2626, 2627, 2634, 2636, 2641, 2652, 2660, 2669, 2675, 2675, 2676, 2683, 2685, 2689, 2690, 2700, 2706, 2707, 2710, 2713, 2716, 2716, 2729, 2730, 2730, 2741, 2742, 2745, 2746, 2748, 2760, 2763, 2764, 2766, 2779, 2788, 2794, 2795, 2801, 2807, 2824, 2830, 2833, 2835, 2836, 2845, 2869, 2869, 2875, 2880, 2883, 2892, 2899, 2914, 2917, 2918, 2918, 2923, 2924, 2924, 2925, 2930, 2931, 2939, 2951, 2959, 2961, 2973, 2978, 2982, 2985, 2989, 2993, 2995, 3025, 3032, 3047, 3050, 3058, 3060, 3067, 3069, 3070, 3074, 3077, 3082, 3093, 3116, 3119, 3137, 3145, 3146, 3172, 3187, 3190, 3200, 3206, 3210, 3220, 3221, 3233, 3234, 3250, 3250, 3273, 3281, 3310, 3321, 3325, 3332, 3358, 3370, 3373, 3379, 3389, 3389, 3391, 3398, 3404, 3412, 3413, 3417, 3426, 3433, 3450, 3467, 3485, 3504, 3514, 3529, 3543, 3545, 3549, 3563, 3564, 3586, 3586, 3589, 3599, 3603, 3615, 3624, 3630, 3631, 3634, 3636, 3636, 3638, 3643, 3643, 3660, 3663, 3668, 3669, 3671, 3696, 3709, 3716, 3735, 3742, 3756, 3757, 3757, 3762, 3766, 3767, 3779, 3789, 3817, 3828, 3838, 3882, 3893, 3897, 3900, 3913, 3935, 3944, 3950, 3959, 3972, 3973, 3984, 3992, 3996, 4002, 4011, 4016, 4018, 4021, 4027, 4029, 4031, 4032, 4045, 4049, 4050, 4050, 4055, 4058, 4060, 4063, 4066, 4066, 4076, 4076, 4090, 4100, 4105, 4137, 4141, 4149, 4173, 4175, 4176, 4185, 4192, 4217, 4217, 4222, 4240, 4249, 4251, 4262, 4285, 4299, 4300, 4315, 4327, 4331, 4334, 4343, 4344, 4345, 4363, 4364, 4415, 4420, 4507, 4508, 4515, 4517, 4544, 4546, 4574, 4591, 4596, 4631, 4647, 4648, 4671, 4681, 4716, 4741, 4751, 4762, 4768, 4789, 4790, 4823, 4829, 4851, 4857, 4885, 4900, 4941, 4952, 4976, 4984, 4999, 5002, 5023, 5045, 5060, 5097, 5117, 5126, 5134, 5136, 5146, 5158, 5170, 5188, 5192, 5193, 5195, 5196, 5201, 5210, 5283, 5296, 5314, 5341, 5344, 5350, 5415, 5441, 5449, 5500, 5509, 5525, 5542, 5550, 5574, 5574, 5605, 5615, 5620, 5632, 5668, 5695, 5707, 5715, 5763, 5769, 5796, 5844, 5852, 5861, 5862, 5865, 6005, 6006, 6008, 6048, 6053, 6102, 6104, 6107, 6115, 6118, 6135, 6286, 6327, 6389, 6486, 6511, 6528, 6534, 6582, 6584, 6628, 6636, 6639, 6674, 6714, 6728, 6729, 6760, 6765, 6794, 6803, 6821, 6850, 6900, 6909, 6939, 6965, 6973, 6981, 6992, 7008, 7033, 7042, 7102, 7233, 7260, 7282, 7284, 7349, 7421, 7428, 7475, 7507, 7572, 7642, 7747, 7807, 7858, 7875, 7893, 7894, 7896, 7982, 7988, 8052, 8054, 8074, 8133, 8324, 9458, 9484, 9562, 9760, 9899, 10109, 10443, 10531, 10541, 10635, 10800, 10887, 10933)
d <- density(test)


par(mar=c(4,4.5,1,2), las=1, mgp=c(2.8,1,0), xaxs='i', yaxs='i', xpd=FALSE)
plot(d, main='', xlab='Contig length (bp)', ylab='Frequency', ylim=c(0,0.0005), yaxt='n')
axis(side=2, at=c(0,0.0001,0.0002,0.0003,0.0004,0.0005), 
     labels=c(0,100,200,300,400,500))
polygon(d, col='gray70', border='black', lwd=2) 
abline(v=3718, lty=2, lwd=2.5, col='firebrick2') # n50
abline(v=978, lty=2, lwd=2.5, col='dodgerblue3') # n90
text(x=c(1900,4800), y=0.00048, labels=c('978 bp','3718 bp'))
legend('topright', legend=c('N50','N90'), col=c('firebrick2','dodgerblue3'), 
       lty=2, lwd=2.5, bg='white', cex=1.3)
mtext('A', side=2, adj=4, padj=-8.5, cex=1.8)

